 -137.5   62.5
 -137.5   60.0
 -135.0   62.5
 -135.0   60.0
 -132.5   62.5
 -132.5   60.0
 -132.5   57.5
 -130.0   62.5
 -130.0   60.0
 -130.0   57.5
 -130.0   55.0
 -130.0   52.5
 -127.5   62.5
 -127.5   60.0
 -127.5   57.5
 -127.5   55.0
 -127.5   52.5
 -127.5   50.0
 -125.0   62.5
 -125.0   60.0
 -125.0   57.5
 -125.0   55.0
 -125.0   52.5
 -125.0   50.0
 -125.0   47.5
 -122.5   62.5
 -122.5   60.0
 -122.5   57.5
 -122.5   55.0
 -122.5   52.5
 -122.5   50.0
 -122.5   47.5
 -122.5   45.0
 -122.5   42.5
 -122.5   40.0
 -122.5   37.5
 -120.0   62.5
 -120.0   60.0
 -120.0   57.5
 -120.0   55.0
 -120.0   52.5
 -120.0   50.0
 -120.0   47.5
 -120.0   45.0
 -120.0   42.5
 -120.0   40.0
 -120.0   37.5
 -120.0   35.0
 -117.5   62.5
 -117.5   60.0
 -117.5   57.5
 -117.5   55.0
 -117.5   52.5
 -117.5   50.0
 -117.5   47.5
 -117.5   45.0
 -117.5   42.5
 -117.5   40.0
 -117.5   37.5
 -117.5   35.0
 -117.5   32.5
 -115.0   62.5
 -115.0   60.0
 -115.0   57.5
 -115.0   55.0
 -115.0   52.5
 -115.0   50.0
 -115.0   47.5
 -115.0   45.0
 -115.0   42.5
 -115.0   40.0
 -115.0   37.5
 -115.0   35.0
 -115.0   32.5
 -115.0   30.0
 -115.0   27.5
 -112.5   62.5
 -112.5   60.0
 -112.5   57.5
 -112.5   55.0
 -112.5   52.5
 -112.5   50.0
 -112.5   47.5
 -112.5   45.0
 -112.5   42.5
 -112.5   40.0
 -112.5   37.5
 -112.5   35.0
 -112.5   32.5
 -112.5   30.0
 -112.5   27.5
 -112.5   25.0
 -110.0   62.5
 -110.0   60.0
 -110.0   57.5
 -110.0   55.0
 -110.0   52.5
 -110.0   50.0
 -110.0   47.5
 -110.0   45.0
 -110.0   42.5
 -110.0   40.0
 -110.0   37.5
 -110.0   35.0
 -110.0   32.5
 -110.0   30.0
 -110.0   27.5
 -110.0   25.0
 -110.0   22.5
 -107.5   57.5
 -107.5   55.0
 -107.5   52.5
 -107.5   50.0
 -107.5   47.5
 -107.5   45.0
 -107.5   42.5
 -107.5   40.0
 -107.5   37.5
 -107.5   35.0
 -107.5   32.5
 -107.5   30.0
 -107.5   27.5
 -107.5   25.0
 -107.5   22.5
 -105.0   55.0
 -105.0   52.5
 -105.0   50.0
 -105.0   47.5
 -105.0   45.0
 -105.0   42.5
 -105.0   40.0
 -105.0   37.5
 -105.0   35.0
 -105.0   32.5
 -105.0   30.0
 -105.0   27.5
 -105.0   25.0
 -105.0   22.5
 -105.0   20.0
 -102.5   55.0
 -102.5   52.5
 -102.5   50.0
 -102.5   47.5
 -102.5   45.0
 -102.5   42.5
 -102.5   40.0
 -102.5   37.5
 -102.5   35.0
 -102.5   32.5
 -102.5   30.0
 -102.5   27.5
 -102.5   25.0
 -102.5   22.5
 -102.5   20.0
 -102.5   17.5
 -100.0   55.0
 -100.0   52.5
 -100.0   50.0
 -100.0   47.5
 -100.0   45.0
 -100.0   42.5
 -100.0   40.0
 -100.0   37.5
 -100.0   35.0
 -100.0   32.5
 -100.0   30.0
 -100.0   27.5
 -100.0   25.0
 -100.0   22.5
 -100.0   20.0
 -100.0   17.5
  -97.5   52.5
  -97.5   50.0
  -97.5   47.5
  -97.5   45.0
  -97.5   42.5
  -97.5   40.0
  -97.5   37.5
  -97.5   35.0
  -97.5   32.5
  -97.5   30.0
  -97.5   27.5
  -97.5   25.0
  -97.5   22.5
  -97.5   20.0
  -97.5   17.5
  -95.0   50.0
  -95.0   47.5
  -95.0   45.0
  -95.0   42.5
  -95.0   40.0
  -95.0   37.5
  -95.0   35.0
  -95.0   32.5
  -95.0   30.0
  -92.5   50.0
  -92.5   47.5
  -92.5   45.0
  -92.5   42.5
  -92.5   40.0
  -92.5   37.5
  -92.5   35.0
  -92.5   32.5
  -92.5   30.0
  -90.0   50.0
  -90.0   47.5
  -90.0   45.0
  -90.0   42.5
  -90.0   40.0
  -90.0   37.5
  -90.0   35.0
  -90.0   32.5
  -90.0   30.0
  -87.5   50.0
  -87.5   47.5
  -87.5   45.0
  -87.5   42.5
  -87.5   40.0
  -87.5   37.5
  -87.5   35.0
  -87.5   32.5
  -87.5   30.0
  -85.0   50.0
  -85.0   47.5
  -85.0   45.0
  -85.0   42.5
  -85.0   40.0
  -85.0   37.5
  -85.0   35.0
  -85.0   32.5
  -85.0   30.0
  -82.5   50.0
  -82.5   47.5
  -82.5   45.0
  -82.5   42.5
  -82.5   40.0
  -82.5   37.5
  -82.5   35.0
  -82.5   32.5
  -82.5   30.0
  -82.5   27.5
  -80.0   50.0
  -80.0   47.5
  -80.0   45.0
  -80.0   42.5
  -80.0   40.0
  -80.0   37.5
  -80.0   35.0
  -80.0   32.5
  -80.0   27.5
  -77.5   50.0
  -77.5   47.5
  -77.5   45.0
  -77.5   42.5
  -77.5   40.0
  -77.5   37.5
  -77.5   35.0
  -75.0   50.0
  -75.0   47.5
  -75.0   45.0
  -75.0   42.5
  -75.0   40.0
  -75.0   37.5
  -72.5   50.0
  -72.5   47.5
  -72.5   45.0
  -72.5   42.5
  -70.0   50.0
  -70.0   47.5
  -70.0   45.0
  -70.0   42.5
  -67.5   50.0
  -67.5   47.5
  -67.5   45.0
  -65.0   50.0
  -65.0   47.5
  -65.0   45.0
  -62.5   50.0
  -62.5   47.5
  -62.5   45.0
  -60.0   52.5
  -60.0   50.0
  -60.0   47.5
  -57.5   52.5
  -57.5   50.0
  -57.5   47.5
